#base{v,vt,vn,f}~{32,14,6,24} book:+{16,22,6,10}
O cube
v -0.14563 -0.35 -0.37276
v -0.39563 -0.35 0.06026
v 0.14563 -0.35 0.37276
v 0.39563 -0.35 -0.06026
v 0.39563 -0.5 -0.06026
v 0.14563 -0.5 0.37276
v -0.39563 -0.5 0.06026
v -0.14563 -0.5 -0.37276
v -0.27063 -0.5 -0.15625
v -0.27063 -0.35 -0.15625
v -0.125 -0.5 0.21651
v -0.125 -0.35 0.21651
v 0.27063 -0.5 0.15625
v 0.27063 -0.35 0.15625
v 0.125 -0.5 -0.21651
v 0.125 -0.35 -0.21651
v 0.16061 -0.2 -0.36656
v -0.32236 -0.2 -0.23714
v -0.16061 -0.2 0.36656
v 0.32236 -0.2 0.23714
v 0.32236 -0.35 0.23714
v -0.16061 -0.35 0.36656
v -0.32236 -0.35 -0.23714
v 0.16061 -0.35 -0.36656
v -0.08088 -0.35 -0.30185
v -0.08088 -0.2 -0.30185
v -0.24148 -0.35 0.06471
v -0.24148 -0.2 0.06471
v 0.08088 -0.35 0.30185
v 0.08088 -0.2 0.30185
v 0.24148 -0.35 -0.06471
v 0.24148 -0.2 -0.06471

#books begin
vt 0.5 0
vt 1 0
vt 1 0.625
vt 0.5 0.625

vt 0.875 0.84375
vt 0.875 1
vt 0.625 1
vt 0.625 0.84375

vt 0.5 1
vt 0.5 0.84375
vt 0.75 0.84375
vt 0.75 1
vt 0.8125 0.84375
vt 0.8125 1

vt 1 1
vt 0.84375 1
vt 0.84375 0.6875
vt 1 0.6875

vt 0.84375 0.625
vt 1 0.625
vt 1 0.9375
vt 0.84375 0.9375

#book 1
vn 0 -1 0
vn 0.86603 0 0.5
vn 0.5 0 -0.86603
vn -0.86603 0 -0.5
vn 0 1 0
vn -0.5 0 0.86603
#book 2
vn 0 -1 0
vn 0.25882 0 0.96593
vn 0.96593 0 -0.25882
vn -0.25882 0 -0.96593
vn 0 1 0
vn -0.96593 0 0.25882

s off
f 1/1/5 2/2/5 3/3/5 4/4/5
f 1/5/6 8/6/6 9/7/6 10/8/6
f 10/11/6 9/12/6 7/9/6 2/10/6
f 2/9/2 7/10/2 11/13/2 12/14/2
f 12/9/2 11/10/2 6/13/2 3/14/2
f 3/9/3 6/10/3 13/11/3 14/12/3
f 5/5/3 4/6/3 14/7/3 13/8/3
f 4/19/4 5/20/4 15/21/4 16/22/4
f 8/15/4 1/16/4 16/17/4 15/18/4
f 7/1/1 8/2/1 5/3/1 6/4/1
f 17/1/5 18/2/5 19/3/5 20/4/5
f 17/5/6 24/6/6 25/7/6 26/8/6
f 26/11/6 25/12/6 23/9/6 18/10/6
f 18/9/2 23/10/2 27/13/2 28/14/2
f 28/9/2 27/10/2 22/13/2 19/14/2
f 19/9/3 22/10/3 29/11/3 30/12/3
f 21/5/3 20/6/3 30/7/3 29/8/3
f 20/19/4 21/20/4 31/21/4 32/22/4
f 24/15/4 17/16/4 32/17/4 31/18/4
f 23/1/1 24/2/1 21/3/1 22/4/1
