O cube
v 0.16061 -0.0375 -0.36656
v -0.32236 -0.0375 -0.23714
v -0.16061 -0.0375 0.36656
v 0.32236 -0.0375 0.23714
v 0.32236 -0.1875 0.23714
v -0.16061 -0.1875 0.36656
v -0.32236 -0.1875 -0.23714
v 0.16061 -0.1875 -0.36656
v -0.08088 -0.1875 -0.30185
v -0.08088 -0.0375 -0.30185
v -0.24148 -0.1875 0.06471
v -0.24148 -0.0375 0.06471
v 0.08088 -0.1875 0.30185
v 0.08088 -0.0375 0.30185
v 0.24148 -0.1875 -0.06471
v 0.24148 -0.0375 -0.06471

v -0.19195 -0.1875 0.35117
v 0.30047 -0.1875 0.26433
v 0.19195 -0.1875 -0.35117
v -0.30047 -0.1875 -0.26433
v -0.30047 -0.3375 -0.26433
v 0.19195 -0.3375 -0.35117
v 0.30047 -0.3375 0.26433
v -0.19195 -0.3375 0.35117
v 0.05426 -0.3375 0.30775
v 0.05426 -0.1875 0.30775
v 0.2462 -0.3375 -0.04342
v 0.2462 -0.1875 -0.04342
v -0.05426 -0.3375 -0.30775
v -0.05426 -0.1875 -0.30775
v -0.2462 -0.3375 0.04342
v -0.2462 -0.1875 0.04342

v -0.14121 -0.3375 0.37447
v 0.33433 -0.3375 0.21994
v 0.14121 -0.3375 -0.37447
v -0.33433 -0.3375 -0.21994
v -0.33433 -0.4875 -0.21994
v 0.14121 -0.4875 -0.37447
v 0.33433 -0.4875 0.21994
v -0.14121 -0.4875 0.37447
v 0.09656 -0.4875 0.2972
v 0.09656 -0.3375 0.2972
v 0.23776 -0.4875 -0.07726
v 0.23776 -0.3375 -0.07726
v -0.09656 -0.4875 -0.2972
v -0.09656 -0.3375 -0.2972
v -0.23776 -0.4875 0.07726
v -0.23776 -0.3375 0.07726

vt 0.5 0
vt 1 0
vt 1 0.625
vt 0.5 0.625

vt 0.875 0.84375
vt 0.875 1
vt 0.625 1
vt 0.625 0.84375

vt 0.5 1
vt 0.5 0.84375
vt 0.75 0.84375
vt 0.75 1
vt 0.8125 0.84375
vt 0.8125 1

vt 1 1
vt 0.84375 1
vt 0.84375 0.6875
vt 1 0.6875

vt 0.84375 0.625
vt 1 0.625
vt 1 0.9375
vt 0.84375 0.9375

vn 0 -1 0
vn 0.25882 0 0.96593
vn 0.96593 0 -0.25882
vn -0.25882 0 -0.96593
vn 0 1 0
vn -0.96593 0 0.25882

vn 0 -1 -0
vn -0.17365 0 -0.98481
vn -0.98481 0 0.17365
vn 0.17365 0 0.98481
vn 0 1 -0
vn 0.98481 0 -0.17365

vn 0 -1 -0
vn -0.30902 0 -0.95106
vn -0.95106 0 0.30902
vn 0.30902 0 0.95106
vn 0 1 -0
vn 0.95106 0 -0.30902

s off
f 1/1/5 2/2/5 3/3/5 4/4/5
f 1/5/6 8/6/6 9/7/6 10/8/6
f 10/11/6 9/12/6 7/9/6 2/10/6
f 2/9/2 7/10/2 11/13/2 12/14/2
f 12/9/2 11/10/2 6/13/2 3/14/2
f 3/9/3 6/10/3 13/11/3 14/12/3
f 5/5/3 4/6/3 14/7/3 13/8/3
f 4/19/4 5/20/4 15/21/4 16/22/4
f 8/15/4 1/16/4 16/17/4 15/18/4
f 7/1/1 8/2/1 5/3/1 6/4/1

f 17/1/11 18/2/11 19/3/11 20/4/11
f 17/5/12 24/6/12 25/7/12 26/8/12
f 26/11/12 25/12/12 23/9/12 18/10/12
f 18/9/8 23/10/8 27/13/8 28/14/8
f 28/9/8 27/10/8 22/13/8 19/14/8
f 19/9/9 22/10/9 29/11/9 30/12/9
f 21/5/9 20/6/9 30/7/9 29/8/9
f 20/19/10 21/20/10 31/21/10 32/22/10
f 24/15/10 17/16/10 32/17/10 31/18/10
f 23/1/7 24/2/7 21/3/7 22/4/7

f 33/1/17 34/2/17 35/3/17 36/4/17
f 33/5/18 40/6/18 41/7/18 42/8/18
f 42/11/18 41/12/18 39/9/18 34/10/18
f 34/9/14 39/10/14 43/13/14 44/14/14
f 44/9/14 43/10/14 38/13/14 35/14/14
f 35/9/15 38/10/15 45/11/15 46/12/15
f 37/5/15 36/6/15 46/7/15 45/8/15
f 36/19/16 37/20/16 47/21/16 48/22/16
f 40/15/16 33/16/16 48/17/16 47/18/16
f 39/1/13 40/2/13 37/3/13 38/4/13
